2.850
2.862
2.891
2.854
2.862
2.851
2.843
2.840
3.065
2.873
2.861
2.847
2.871
2.854
2.864
2.872
2.880
2.883
2.834
2.830
2.826
2.838
2.821
2.824
2.817
2.824
2.817
2.814
2.820
2.851
2.820
2.838
2.830
2.823
2.824
2.833
2.828
2.825
2.839
2.827
2.839
2.825
2.863
2.874
2.840
2.840
2.832
2.837
2.822
2.822
2.818
2.830
2.812
2.837
2.836
2.815
2.829
2.832
2.826
2.824
2.829
2.823
2.827
2.827
2.832
2.826
2.823
2.833
2.842
2.819
2.820
2.824
2.825
2.831
2.847
2.827
2.840
2.818
2.852
2.820
2.856
2.815
2.828
2.809
2.826
2.827
2.832
2.829
2.835
2.839
2.821
2.830
2.813
2.834
2.837
2.830
2.819
2.836
2.830
2.838
