0.383
0.389
0.390
0.392
0.390
0.406
0.380
0.380
0.388
0.404
0.403
0.380
0.387
0.394
0.387
0.399
0.390
0.386
0.380
0.381
0.384
0.380
0.381
0.382
0.381
0.384
0.384
0.391
0.394
0.399
0.394
0.382
0.388
0.387
0.397
0.388
0.384
0.386
0.387
0.396
0.402
0.388
0.391
0.392
0.466
0.389
0.396
0.409
0.407
0.387
0.403
0.400
0.383
0.390
0.381
0.385
0.387
0.384
0.395
0.382
0.395
0.402
0.404
0.399
0.396
0.391
0.391
0.389
0.415
0.400
0.386
0.417
0.389
0.386
0.396
0.398
0.392
0.390
0.391
0.396
0.385
0.408
0.384
0.388
0.397
0.391
0.391
0.392
0.393
0.391
0.393
0.382
0.404
0.401
0.385
0.429
0.381
0.384
0.385
0.404
