0.287
0.270
0.260
0.257
0.259
0.283
0.269
0.261
0.261
0.262
0.261
0.260
0.256
0.256
0.256
0.256
0.257
0.257
0.279
0.258
0.257
0.266
0.256
0.261
0.271
0.266
0.269
0.283
0.263
0.263
0.260
0.258
0.259
0.256
0.255
0.256
0.256
0.258
0.262
0.268
0.262
0.254
0.256
0.255
0.265
0.263
0.255
0.254
0.267
0.255
0.253
0.257
0.252
0.252
0.254
0.260
0.255
0.253
0.260
0.256
0.256
0.260
0.265
0.256
0.257
0.256
0.255
0.255
0.261
0.254
0.256
0.265
0.253
0.255
0.254
0.254
0.258
0.261
0.263
0.259
0.254
0.259
0.258
0.257
0.255
0.260
0.261
0.268
0.256
0.265
0.258
0.257
0.257
0.257
0.254
0.263
0.254
0.254
0.256
0.254
