1.688
1.694
1.684
1.689
1.789
1.700
1.731
1.699
1.698
1.775
1.792
1.696
1.694
1.676
1.673
1.717
1.693
1.729
1.681
1.716
1.701
1.706
1.688
1.685
1.699
1.686
1.691
1.702
1.723
1.703
1.843
1.718
1.758
1.727
1.752
1.722
1.702
1.740
1.851
1.707
1.732
1.705
1.749
1.713
1.752
1.739
1.755
1.719
1.711
1.725
1.765
1.739
1.715
1.696
1.701
1.745
1.708
1.730
1.757
1.740
1.763
1.739
1.732
1.758
1.757
1.821
1.778
1.719
1.708
1.718
1.681
1.718
1.696
1.711
1.704
1.721
1.711
1.690
1.696
1.691
1.684
1.707
1.778
1.731
1.746
1.750
1.759
1.739
1.763
1.689
1.683
1.700
1.732
1.745
1.860
1.796
1.739
1.784
1.715
1.747
