0.884
0.894
0.890
0.905
0.893
0.883
0.886
0.885
0.893
0.886
0.900
0.893
0.900
0.893
0.893
0.903
0.886
0.886
0.885
0.885
0.879
0.882
0.889
0.885
0.887
0.876
0.893
0.889
0.880
0.884
0.899
0.897
0.889
0.877
0.887
0.891
0.888
0.882
0.882
0.904
0.881
0.879
0.884
0.889
0.883
0.894
0.888
0.886
0.878
0.880
0.902
0.880
0.877
0.886
0.892
0.893
0.883
0.876
0.874
0.887
0.897
0.893
0.889
0.893
0.889
0.885
0.877
0.893
0.886
0.883
0.889
0.898
0.881
0.885
0.896
0.881
0.893
0.879
0.885
0.892
0.883
0.878
0.884
0.874
0.885
0.878
0.874
0.895
0.887
0.899
0.886
0.877
0.877
0.878
0.875
0.875
0.885
0.895
0.876
0.881
