7.056
6.944
6.948
6.972
6.966
6.950
7.038
7.165
7.386
6.889
6.816
6.938
7.864
6.979
6.934
6.916
6.890
7.031
6.894
6.906
7.056
7.015
6.940
7.720
7.571
7.125
7.042
7.104
6.974
6.941
6.898
6.970
6.911
6.946
6.815
6.773
6.954
6.800
6.915
6.864
6.916
6.818
6.871
6.768
6.785
6.907
7.341
6.901
6.799
6.735
6.742
6.774
6.771
6.772
6.913
7.051
6.781
6.770
6.807
6.806
6.733
6.817
6.779
6.758
6.781
6.786
6.745
6.713
6.726
6.750
6.792
7.078
7.009
7.062
6.856
7.114
7.171
7.277
7.299
6.890
6.910
6.700
6.652
6.637
6.718
6.832
7.094
6.946
7.414
7.258
6.975
7.594
6.733
6.747
6.710
6.757
6.823
6.812
6.729
6.688
