6.275
6.268
6.316
6.282
6.264
6.278
6.353
6.368
6.251
6.202
6.184
6.184
6.183
6.179
6.198
6.207
6.209
6.167
6.216
6.208
6.202
6.188
6.530
6.534
6.477
6.217
6.184
6.264
6.339
6.277
6.330
6.306
6.200
6.201
6.219
6.187
6.196
6.204
6.205
6.199
6.179
6.200
6.187
6.215
6.186
6.206
6.198
6.201
6.173
6.196
6.192
6.201
6.192
6.205
6.201
6.228
6.216
6.420
6.632
6.321
6.577
6.366
6.446
6.513
6.384
6.310
6.376
6.476
6.314
6.253
6.494
6.211
6.574
6.596
6.924
6.265
6.220
6.237
6.243
6.449
6.658
6.768
6.817
6.688
6.240
7.184
6.519
6.249
6.251
6.245
6.279
6.249
6.255
6.533
6.479
6.288
6.353
6.525
6.307
6.342
