0.914
0.926
0.903
0.901
0.905
0.919
0.943
0.924
0.916
0.981
0.913
0.912
0.911
0.911
0.917
0.925
0.909
0.910
0.902
0.901
0.897
0.898
0.904
0.900
0.927
0.909
0.917
0.896
0.912
0.899
0.898
0.920
1.007
0.981
0.949
0.968
1.115
1.032
0.917
0.919
0.913
0.919
0.904
0.926
0.948
0.900
0.909
0.898
0.907
0.893
0.913
0.902
0.900
0.894
0.896
0.899
0.895
0.896
0.895
0.911
0.920
0.902
0.906
0.925
0.916
0.909
0.908
0.983
0.909
0.914
0.952
0.925
0.938
0.923
0.921
0.939
0.925
0.912
0.913
0.918
0.972
1.033
0.958
0.927
0.910
0.925
0.965
1.037
0.916
0.906
1.102
0.923
0.946
0.929
0.909
0.973
0.918
0.950
0.928
0.921
